300
0.000000 -0.000000
10.000000 -0.000002
20.000000 -0.011526
30.000000 -0.203697
40.000000 -0.786441
50.000000 -1.662666
60.000000 -2.619779
70.000000 -3.507458
80.000000 -4.256613
90.000000 -4.850630
100.000000 -5.299020
110.000000 -5.621525
120.000000 -5.840027
130.000000 -5.974929
140.000000 -6.043848
150.000000 -6.061392
160.000000 -6.039392
170.000000 -5.987300
180.000000 -5.912601
190.000000 -5.821190
200.000000 -5.717691
210.000000 -5.605720
220.000000 -5.488098
230.000000 -5.367020
240.000000 -5.244186
250.000000 -5.120907
260.000000 -4.998190
270.000000 -4.876798
280.000000 -4.757306
290.000000 -4.640140
300.000000 -4.525607
310.000000 -4.413921
320.000000 -4.305224
330.000000 -4.199601
340.000000 -4.097093
350.000000 -3.997705
360.000000 -3.901417
370.000000 -3.808187
380.000000 -3.717960
390.000000 -3.630667
400.000000 -3.546233
410.000000 -3.464576
420.000000 -3.385611
430.000000 -3.309250
440.000000 -3.235405
450.000000 -3.163987
460.000000 -3.094910
470.000000 -3.028088
480.000000 -2.963435
490.000000 -2.900870
500.000000 -2.840313
510.000000 -2.781688
520.000000 -2.724918
530.000000 -2.669933
540.000000 -2.616663
550.000000 -2.565042
560.000000 -2.515004
570.000000 -2.466490
580.000000 -2.419440
590.000000 -2.373797
600.000000 -2.329508
610.000000 -2.286520
620.000000 -2.244785
630.000000 -2.204255
640.000000 -2.164885
650.000000 -2.126630
660.000000 -2.089451
670.000000 -2.053306
680.000000 -2.018158
690.000000 -1.983971
700.000000 -1.950710
710.000000 -1.918342
720.000000 -1.886834
730.000000 -1.856156
740.000000 -1.826279
750.000000 -1.797176
760.000000 -1.768818
770.000000 -1.741182
780.000000 -1.714241
790.000000 -1.687973
800.000000 -1.662355
810.000000 -1.637365
820.000000 -1.612982
830.000000 -1.589187
840.000000 -1.565960
850.000000 -1.543284
860.000000 -1.521139
870.000000 -1.499510
880.000000 -1.478381
890.000000 -1.457734
900.000000 -1.437557
910.000000 -1.417833
920.000000 -1.398550
930.000000 -1.379693
940.000000 -1.361250
950.000000 -1.343209
960.000000 -1.325557
970.000000 -1.308283
980.000000 -1.291377
990.000000 -1.274827
1000.000000 -1.258623
1010.000000 -1.242755
1020.000000 -1.227214
1030.000000 -1.211990
1040.000000 -1.197075
1050.000000 -1.182461
1060.000000 -1.168137
1070.000000 -1.154098
1080.000000 -1.140335
1090.000000 -1.126840
1100.000000 -1.113607
1110.000000 -1.100629
1120.000000 -1.087898
1130.000000 -1.075408
1140.000000 -1.063153
1150.000000 -1.051128
1160.000000 -1.039325
1170.000000 -1.027740
1180.000000 -1.016366
1190.000000 -1.005199
1200.000000 -0.994233
1210.000000 -0.983464
1220.000000 -0.972886
1230.000000 -0.962495
1240.000000 -0.952287
1250.000000 -0.942256
1260.000000 -0.932399
1270.000000 -0.922711
1280.000000 -0.913188
1290.000000 -0.903828
1300.000000 -0.894624
1310.000000 -0.885576
1320.000000 -0.876677
1330.000000 -0.867926
1340.000000 -0.859318
1350.000000 -0.850851
1360.000000 -0.842521
1370.000000 -0.834325
1380.000000 -0.826261
1390.000000 -0.818325
1400.000000 -0.810514
1410.000000 -0.802826
1420.000000 -0.795259
1430.000000 -0.787808
1440.000000 -0.780473
1450.000000 -0.773250
1460.000000 -0.766138
1470.000000 -0.759133
1480.000000 -0.752234
1490.000000 -0.745438
1500.000000 -0.738743
1510.000000 -0.732148
1520.000000 -0.725649
1530.000000 -0.719246
1540.000000 -0.712936
1550.000000 -0.706717
1560.000000 -0.700588
1570.000000 -0.694546
1580.000000 -0.688590
1590.000000 -0.682719
1600.000000 -0.676930
1610.000000 -0.671222
1620.000000 -0.665594
1630.000000 -0.660043
1640.000000 -0.654569
1650.000000 -0.649170
1660.000000 -0.643845
1670.000000 -0.638591
1680.000000 -0.633409
1690.000000 -0.628295
1700.000000 -0.623250
1710.000000 -0.618272
1720.000000 -0.613360
1730.000000 -0.608512
1740.000000 -0.603727
1750.000000 -0.599005
1760.000000 -0.594343
1770.000000 -0.589742
1780.000000 -0.585199
1790.000000 -0.580714
1800.000000 -0.576286
1810.000000 -0.571914
1820.000000 -0.567596
1830.000000 -0.563333
1840.000000 -0.559122
1850.000000 -0.554964
1860.000000 -0.550856
1870.000000 -0.546799
1880.000000 -0.542791
1890.000000 -0.538832
1900.000000 -0.534921
1910.000000 -0.531056
1920.000000 -0.527238
1930.000000 -0.523465
1940.000000 -0.519737
1950.000000 -0.516053
1960.000000 -0.512412
1970.000000 -0.508813
1980.000000 -0.505256
1990.000000 -0.501741
2000.000000 -0.498266
2010.000000 -0.494830
2020.000000 -0.491434
2030.000000 -0.488077
2040.000000 -0.484757
2050.000000 -0.481475
2060.000000 -0.478229
2070.000000 -0.475020
2080.000000 -0.471847
2090.000000 -0.468708
2100.000000 -0.465604
2110.000000 -0.462534
2120.000000 -0.459498
2130.000000 -0.456494
2140.000000 -0.453524
2150.000000 -0.450585
2160.000000 -0.447677
2170.000000 -0.444801
2180.000000 -0.441955
2190.000000 -0.439140
2200.000000 -0.436354
2210.000000 -0.433597
2220.000000 -0.430870
2230.000000 -0.428170
2240.000000 -0.425499
2250.000000 -0.422855
2260.000000 -0.420239
2270.000000 -0.417649
2280.000000 -0.415086
2290.000000 -0.412549
2300.000000 -0.410037
2310.000000 -0.407551
2320.000000 -0.405090
2330.000000 -0.402654
2340.000000 -0.400241
2350.000000 -0.397853
2360.000000 -0.395488
2370.000000 -0.393147
2380.000000 -0.390828
2390.000000 -0.388533
2400.000000 -0.386259
2410.000000 -0.384008
2420.000000 -0.381778
2430.000000 -0.379570
2440.000000 -0.377383
2450.000000 -0.375217
2460.000000 -0.373071
2470.000000 -0.370946
2480.000000 -0.368841
2490.000000 -0.366756
2500.000000 -0.364690
2510.000000 -0.362644
2520.000000 -0.360616
2530.000000 -0.358607
2540.000000 -0.356617
2550.000000 -0.354646
2560.000000 -0.352692
2570.000000 -0.350756
2580.000000 -0.348838
2590.000000 -0.346937
2600.000000 -0.345053
2610.000000 -0.343186
2620.000000 -0.341336
2630.000000 -0.339503
2640.000000 -0.337686
2650.000000 -0.335885
2660.000000 -0.334100
2670.000000 -0.332331
2680.000000 -0.330577
2690.000000 -0.328838
2700.000000 -0.327115
2710.000000 -0.325407
2720.000000 -0.323713
2730.000000 -0.322034
2740.000000 -0.320370
2750.000000 -0.318720
2760.000000 -0.317084
2770.000000 -0.315462
2780.000000 -0.313853
2790.000000 -0.312259
2800.000000 -0.310677
2810.000000 -0.309109
2820.000000 -0.307554
2830.000000 -0.306012
2840.000000 -0.304483
2850.000000 -0.302967
2860.000000 -0.301463
2870.000000 -0.299971
2880.000000 -0.298492
2890.000000 -0.297025
2900.000000 -0.295570
2910.000000 -0.294126
2920.000000 -0.292695
2930.000000 -0.291275
2940.000000 -0.289866
2950.000000 -0.288469
2960.000000 -0.287082
2970.000000 -0.285707
2980.000000 -0.284343
2990.000000 -0.282990
