300
0.000000 -0.000000
10.000000 -7.198395
20.000000 -70.152437
30.000000 -123.785116
40.000000 -146.827199
50.000000 -151.495525
60.000000 -147.387295
70.000000 -139.564230
80.000000 -130.488241
90.000000 -121.318302
100.000000 -112.575909
110.000000 -104.471238
120.000000 -97.063193
130.000000 -90.338859
140.000000 -84.253326
150.000000 -78.749685
160.000000 -73.768936
170.000000 -69.254695
180.000000 -65.155230
190.000000 -61.424113
200.000000 -58.020192
210.000000 -54.907247
220.000000 -52.053509
230.000000 -49.431154
240.000000 -47.015816
250.000000 -44.786134
260.000000 -42.723360
270.000000 -40.811005
280.000000 -39.034538
290.000000 -37.381126
300.000000 -35.839403
310.000000 -34.399287
320.000000 -33.051807
330.000000 -31.788961
340.000000 -30.603602
350.000000 -29.489322
360.000000 -28.440370
370.000000 -27.451570
380.000000 -26.518254
390.000000 -25.636204
400.000000 -24.801601
410.000000 -24.010979
420.000000 -23.261189
430.000000 -22.549361
440.000000 -21.872878
450.000000 -21.229350
460.000000 -20.616586
470.000000 -20.032580
480.000000 -19.475489
490.000000 -18.943618
500.000000 -18.435405
510.000000 -17.949412
520.000000 -17.484308
530.000000 -17.038863
540.000000 -16.611940
550.000000 -16.202481
560.000000 -15.809509
570.000000 -15.432111
580.000000 -15.069440
590.000000 -14.720708
600.000000 -14.385178
610.000000 -14.062163
620.000000 -13.751023
630.000000 -13.451156
640.000000 -13.162000
650.000000 -12.883030
660.000000 -12.613751
670.000000 -12.353700
680.000000 -12.102441
690.000000 -11.859565
700.000000 -11.624686
710.000000 -11.397441
720.000000 -11.177489
730.000000 -10.964507
740.000000 -10.758189
750.000000 -10.558249
760.000000 -10.364414
770.000000 -10.176427
780.000000 -9.994044
790.000000 -9.817035
800.000000 -9.645181
810.000000 -9.478274
820.000000 -9.316119
830.000000 -9.158527
840.000000 -9.005322
850.000000 -8.856335
860.000000 -8.711404
870.000000 -8.570378
880.000000 -8.433111
890.000000 -8.299465
900.000000 -8.169307
910.000000 -8.042511
920.000000 -7.918957
930.000000 -7.798530
940.000000 -7.681122
950.000000 -7.566626
960.000000 -7.454944
970.000000 -7.345979
980.000000 -7.239640
990.000000 -7.135839
1000.000000 -7.034492
1010.000000 -6.935520
1020.000000 -6.838844
1030.000000 -6.744391
1040.000000 -6.652090
1050.000000 -6.561873
1060.000000 -6.473676
1070.000000 -6.387434
1080.000000 -6.303089
1090.000000 -6.220582
1100.000000 -6.139858
1110.000000 -6.060864
1120.000000 -5.983547
1130.000000 -5.907859
1140.000000 -5.833752
1150.000000 -5.761181
1160.000000 -5.690100
1170.000000 -5.620468
1180.000000 -5.552243
1190.000000 -5.485387
1200.000000 -5.419861
1210.000000 -5.355627
1220.000000 -5.292652
1230.000000 -5.230901
1240.000000 -5.170340
1250.000000 -5.110938
1260.000000 -5.052664
1270.000000 -4.995489
1280.000000 -4.939382
1290.000000 -4.884318
1300.000000 -4.830269
1310.000000 -4.777208
1320.000000 -4.725111
1330.000000 -4.673954
1340.000000 -4.623713
1350.000000 -4.574365
1360.000000 -4.525888
1370.000000 -4.478260
1380.000000 -4.431462
1390.000000 -4.385473
1400.000000 -4.340273
1410.000000 -4.295844
1420.000000 -4.252167
1430.000000 -4.209226
1440.000000 -4.167001
1450.000000 -4.125478
1460.000000 -4.084639
1470.000000 -4.044470
1480.000000 -4.004954
1490.000000 -3.966077
1500.000000 -3.927825
1510.000000 -3.890183
1520.000000 -3.853139
1530.000000 -3.816679
1540.000000 -3.780789
1550.000000 -3.745459
1560.000000 -3.710675
1570.000000 -3.676426
1580.000000 -3.642700
1590.000000 -3.609487
1600.000000 -3.576775
1610.000000 -3.544554
1620.000000 -3.512813
1630.000000 -3.481544
1640.000000 -3.450735
1650.000000 -3.420378
1660.000000 -3.390463
1670.000000 -3.360982
1680.000000 -3.331925
1690.000000 -3.303285
1700.000000 -3.275052
1710.000000 -3.247219
1720.000000 -3.219778
1730.000000 -3.192721
1740.000000 -3.166040
1750.000000 -3.139729
1760.000000 -3.113781
1770.000000 -3.088188
1780.000000 -3.062943
1790.000000 -3.038040
1800.000000 -3.013473
1810.000000 -2.989235
1820.000000 -2.965320
1830.000000 -2.941722
1840.000000 -2.918436
1850.000000 -2.895455
1860.000000 -2.872774
1870.000000 -2.850387
1880.000000 -2.828290
1890.000000 -2.806476
1900.000000 -2.784941
1910.000000 -2.763681
1920.000000 -2.742689
1930.000000 -2.721962
1940.000000 -2.701494
1950.000000 -2.681282
1960.000000 -2.661320
1970.000000 -2.641605
1980.000000 -2.622131
1990.000000 -2.602896
2000.000000 -2.583895
2010.000000 -2.565124
2020.000000 -2.546579
2030.000000 -2.528256
2040.000000 -2.510152
2050.000000 -2.492263
2060.000000 -2.474585
2070.000000 -2.457115
2080.000000 -2.439850
2090.000000 -2.422786
2100.000000 -2.405920
2110.000000 -2.389249
2120.000000 -2.372769
2130.000000 -2.356478
2140.000000 -2.340372
2150.000000 -2.324449
2160.000000 -2.308706
2170.000000 -2.293139
2180.000000 -2.277747
2190.000000 -2.262526
2200.000000 -2.247474
2210.000000 -2.232587
2220.000000 -2.217865
2230.000000 -2.203303
2240.000000 -2.188900
2250.000000 -2.174654
2260.000000 -2.160561
2270.000000 -2.146620
2280.000000 -2.132828
2290.000000 -2.119183
2300.000000 -2.105682
2310.000000 -2.092325
2320.000000 -2.079108
2330.000000 -2.066030
2340.000000 -2.053088
2350.000000 -2.040281
2360.000000 -2.027606
2370.000000 -2.015062
2380.000000 -2.002647
2390.000000 -1.990358
2400.000000 -1.978195
2410.000000 -1.966155
2420.000000 -1.954237
2430.000000 -1.942439
2440.000000 -1.930759
2450.000000 -1.919195
2460.000000 -1.907747
2470.000000 -1.896411
2480.000000 -1.885188
2490.000000 -1.874075
2500.000000 -1.863070
2510.000000 -1.852173
2520.000000 -1.841382
2530.000000 -1.830695
2540.000000 -1.820111
2550.000000 -1.809628
2560.000000 -1.799246
2570.000000 -1.788963
2580.000000 -1.778777
2590.000000 -1.768687
2600.000000 -1.758693
2610.000000 -1.748792
2620.000000 -1.738984
2630.000000 -1.729267
2640.000000 -1.719640
2650.000000 -1.710102
2660.000000 -1.700652
2670.000000 -1.691289
2680.000000 -1.682012
2690.000000 -1.672818
2700.000000 -1.663709
2710.000000 -1.654681
2720.000000 -1.645735
2730.000000 -1.636870
2740.000000 -1.628083
2750.000000 -1.619375
2760.000000 -1.610744
2770.000000 -1.602190
2780.000000 -1.593711
2790.000000 -1.585307
2800.000000 -1.576976
2810.000000 -1.568718
2820.000000 -1.560531
2830.000000 -1.552416
2840.000000 -1.544371
2850.000000 -1.536395
2860.000000 -1.528487
2870.000000 -1.520647
2880.000000 -1.512874
2890.000000 -1.505167
2900.000000 -1.497525
2910.000000 -1.489947
2920.000000 -1.482433
2930.000000 -1.474982
2940.000000 -1.467593
2950.000000 -1.460266
2960.000000 -1.452999
2970.000000 -1.445793
2980.000000 -1.438646
2990.000000 -1.431557
