0  0.0000000
10  2375.0839547
20  23146.5394500
30  40842.4453615
40  48445.0962600
50  49985.3933220
60  48629.8976910
70  46048.7063419
80  43054.1168428
90  40028.5291893
100  37144.0085493
110  34469.9019467
120  32025.6448827
130  29806.9755447
140  27799.0760459
150  25983.1698932
160  24339.7899277
170  22850.3329326
180  21497.7295190
190  20266.6608730
200  19143.5495952
210  18116.4447659
220  17174.8644442
230  16309.6282419
240  15512.6961305
250  14777.0207776
260  14096.4160010
270  13465.4415038
280  12879.3028799
290  12333.7653785
300  11825.0797818
310  11349.9187922
320  10905.3224592
330  10488.6513389
340  10097.5462488
350  9729.8936371
360  9383.7957316
370  9057.5447590
380  8749.6006312
390  8458.5715920
400  8183.1973936
410  7922.3346387
420  7674.9439816
430  7440.0789273
440  7216.8760065
450  7004.5461398
460  6802.3670303
470  6609.6764477
480  6425.8662879
490  6250.3773070
500  6082.6944452
510  5922.3426651
520  5768.8832420
530  5621.9104500
540  5481.0485979
550  5345.9493719
560  5216.2894496
570  5091.7683550
580  4972.1065260
590  4857.0435714
600  4746.3366953
610  4639.7592726
620  4537.0995571
630  4438.1595099
640  4342.7537348
650  4250.7085088
660  4161.8609000
670  4076.0579624
680  3993.1560003
690  3913.0198956
700  3835.5224927
710  3760.5440339
720  3687.9716414
730  3617.6988421
740  3549.6251300
750  3483.6555634
760  3419.7003944
770  3357.6747262
780  3297.4981975
790  3239.0946903
800  3182.3920601
810  3127.3218856
820  3073.8192373
830  3021.8224623
840  2971.2729850
850  2922.1151218
860  2874.2959089
870  2827.7649417
880  2782.4742259
890  2738.3780380
900  2695.4327959
910  2653.5969377
920  2612.8308082
930  2573.0965540
940  2534.3580240
950  2496.5806769
960  2459.7314951
970  2423.7789028
980  2388.6926904
990  2354.4439429
1000  2321.0049725
1010  2288.3492561
1020  2256.4513759
1030  2225.2869636
1040  2194.8326478
1050  2165.0660051
1060  2135.9655133
1070  2107.5105076
1080  2079.6811394
1090  2052.4583371
1100  2025.8237693
1110  1999.7598102
1120  1974.2495066
1130  1949.2765467
1140  1924.8252311
1150  1900.8804445
1160  1877.4276297
1170  1854.4527625
1180  1831.9423281
1190  1809.8832987
1200  1788.2631122
1210  1767.0696522
1220  1746.2912284
1230  1725.9165590
1240  1705.9347531
1250  1686.3352943
1260  1667.1080251
1270  1648.2431320
1280  1629.7311317
1290  1611.5628572
1300  1593.7294452
1310  1576.2223239
1320  1559.0332014
1330  1542.1540547
1340  1525.5771188
1350  1509.2948770
1360  1493.3000511
1370  1477.5855922
1380  1462.1446721
1390  1446.9706746
1400  1432.0571880
1410  1417.3979969
1420  1402.9870752
1430  1388.8185793
1440  1374.8868408
1450  1361.1863607
1460  1347.7118031
1470  1334.4579890
1480  1321.4198913
1490  1308.5926288
1500  1295.9714615
1510  1283.5517854
1520  1271.3291277
1530  1259.2991427
1540  1247.4576069
1550  1235.8004149
1560  1224.3235759
1570  1213.0232091
1580  1201.8955405
1590  1190.9368992
1600  1180.1437141
1610  1169.5125101
1620  1159.0399058
1630  1148.7226096
1640  1138.5574175
1650  1128.5412096
1660  1118.6709481
1670  1108.9436741
1680  1099.3565055
1690  1089.9066344
1700  1080.5913248
1710  1071.4079103
1720  1062.3537921
1730  1053.4264369
1740  1044.6233747
1750  1035.9421972
1760  1027.3805556
1770  1018.9361589
1780  1010.6067723
1790  1002.3902156
1800  994.2843612
1810  986.2871329
1820  978.3965043
1830  970.6104973
1840  962.9271806
1850  955.3446688
1860  947.8611204
1870  940.4747372
1880  933.1837626
1890  925.9864807
1900  918.8812149
1910  911.8663273
1920  904.9402169
1930  898.1013193
1940  891.3481050
1950  884.6790792
1960  878.0927802
1970  871.5877788
1980  865.1626775
1990  858.8161092
2000  852.5467372
2010  846.3532535
2020  840.2343786
2030  834.1888606
2040  828.2154746
2050  822.3130216
2060  816.4803282
2070  810.7162460
2080  805.0196506
2090  799.3894411
2100  793.8245399
2110  788.3238914
2120  782.8864621
2130  777.5112397
2140  772.1972326
2150  766.9434694
2160  761.7489986
2170  756.6128877
2180  751.5342230
2190  746.5121094
2200  741.5456692
2210  736.6340425
2220  731.7763862
2230  726.9718739
2240  722.2196953
2250  717.5190559
2260  712.8691769
2270  708.2692941
2280  703.7186585
2290  699.2165351
2300  694.7622032
2310  690.3549557
2320  685.9940987
2330  681.6789518
2340  677.4088470
2350  673.1831290
2360  669.0011547
2370  664.8622928
2380  660.7659238
2390  656.7114395
2400  652.6982429
2410  648.7257479
2420  644.7933790
2430  640.9005711
2440  637.0467694
2450  633.2314291
2460  629.4540148
2470  625.7140011
2480  622.0108715
2490  618.3441191
2500  614.7132454
2510  611.1177611
2520  607.5571851
2530  604.0310449
2540  600.5388761
2550  597.0802223
2560  593.6546351
2570  590.2616735
2580  586.9009044
2590  583.5719017
2600  580.2742467
2610  577.0075278
2620  573.7713403
2630  570.5652862
2640  567.3889743
2650  564.2420196
2660  561.1240439
2670  558.0346749
2680  554.9735466
2690  551.9402990
2700  548.9345778
2710  545.9560347
2720  543.0043270
2730  540.0791173
2740  537.1800740
2750  534.3068704
2760  531.4591855
2770  528.6367030
2780  525.8391118
2790  523.0661058
2800  520.3173835
2810  517.5926483
2820  514.8916083
2830  512.2139759
2840  509.5594682
2850  506.9278066
2860  504.3187167
2870  501.7319286
2880  499.1671763
2890  496.6241979
2900  494.1027356
2910  491.6025352
2920  489.1233468
2930  486.6649240
2940  484.2270240
2950  481.8094079
2960  479.4118402
2970  477.0340890
2980  474.6759257
2990  472.3371252
