0  0.0000000
10  0.0005905
20  3.8029840
30  67.2091956
40  259.4833199
50  548.5904913
60  864.3865065
70  1157.2728220
80  1404.4539955
90  1600.4476789
100  1748.3921150
110  1854.8017049
120  1926.8955241
130  1971.4057856
140  1994.1454352
150  1999.9339226
160  1992.6751775
170  1975.4877172
180  1950.8411766
190  1920.6804195
200  1886.5311541
210  1849.5867034
220  1810.7778818
230  1770.8286164
240  1730.2999292
250  1689.6245937
260  1649.1344017
270  1609.0816102
280  1569.6558224
290  1530.9972870
300  1493.2073927
310  1456.3569601
320  1420.4928056
330  1385.6429427
340  1351.8207113
350  1319.0280577
360  1287.2581434
370  1256.4974205
380  1226.7272832
390  1197.9253809
400  1170.0666627
410  1143.1242048
420  1117.0698659
430  1091.8748049
440  1067.5098859
450  1043.9459957
460  1021.1542885
470  999.1063738
480  977.7744579
490  957.1314482
500  937.1510288
510  917.8077113
520  899.0768672
530  880.9347462
540  863.3584812
550  846.3260858
560  829.8164433
570  813.8092908
580  798.2851994
590  783.2255511
600  768.6125135
610  754.4290134
620  740.6587087
630  727.2859615
640  714.2958089
650  701.6739360
660  689.4066482
670  677.4808441
680  665.8839897
690  654.6040928
700  643.6296785
710  632.9497656
720  622.5538437
730  612.4318515
740  602.5741559
750  592.9715316
760  583.6151427
770  574.4965239
780  565.6075632
790  556.9404854
800  548.4878366
810  540.2424684
820  532.1975246
830  524.3464268
840  516.6828618
850  509.2007697
860  501.8943314
870  494.7579582
880  487.7862811
890  480.9741406
900  474.3165775
910  467.8088235
920  461.4462929
930  455.2245743
940  449.1394231
950  443.1867536
960  437.3626326
970  431.6632722
980  426.0850240
990  420.6243725
1000  415.2779300
1010  410.0424305
1020  404.9147250
1030  399.8917762
1040  394.9706543
1050  390.1485319
1060  385.4226800
1070  380.7904643
1080  376.2493407
1090  371.7968519
1100  367.4306240
1110  363.1483630
1120  358.9478515
1130  354.8269460
1140  350.7835734
1150  346.8157289
1160  342.9214727
1170  339.0989281
1180  335.3462784
1190  331.6617652
1200  328.0436856
1210  324.4903908
1220  321.0002832
1230  317.5718152
1240  314.2034871
1250  310.8938451
1260  307.6414800
1270  304.4450253
1280  301.3031557
1290  298.2145856
1300  295.1780677
1310  292.1923917
1320  289.2563829
1330  286.3689009
1340  283.5288384
1350  280.7351203
1360  277.9867022
1370  275.2825696
1380  272.6217366
1390  270.0032454
1400  267.4261650
1410  264.8895901
1420  262.3926408
1430  259.9344612
1440  257.5142191
1450  255.1311047
1460  252.7843304
1470  250.4731296
1480  248.1967563
1490  245.9544844
1500  243.7456069
1510  241.5694355
1520  239.4253000
1530  237.3125474
1540  235.2305419
1550  233.1786639
1560  231.1563097
1570  229.1628909
1580  227.1978342
1590  225.2605806
1600  223.3505850
1610  221.4673161
1620  219.6102557
1630  217.7788983
1640  215.9727509
1650  214.1913326
1660  212.4341739
1670  210.7008168
1680  208.9908145
1690  207.3037305
1700  205.6391389
1710  203.9966239
1720  202.3757794
1730  200.7762088
1740  199.1975249
1750  197.6393492
1760  196.1013122
1770  194.5830527
1780  193.0842178
1790  191.6044627
1800  190.1434503
1810  188.7008511
1820  187.2763431
1830  185.8696113
1840  184.4803478
1850  183.1082515
1860  181.7530278
1870  180.4143886
1880  179.0920522
1890  177.7857429
1900  176.4951908
1910  175.2201321
1920  173.9603083
1930  172.7154667
1940  171.4853597
1950  170.2697451
1960  169.0683858
1970  167.8810493
1980  166.7075084
1990  165.5475403
2000  164.4009269
2010  163.2674545
2020  162.1469139
2030  161.0391000
2040  159.9438119
2050  158.8608528
2060  157.7900298
2070  156.7311538
2080  155.6840395
2090  154.6485053
2100  153.6243733
2110  152.6114688
2120  151.6096207
2130  150.6186612
2140  149.6384257
2150  148.6687529
2160  147.7094845
2170  146.7604653
2180  145.8215429
2190  144.8925679
2200  143.9733939
2210  143.0638768
2220  142.1638757
2230  141.2732521
2240  140.3918699
2250  139.5195959
2260  138.6562991
2270  137.8018509
2280  136.9561252
2290  136.1189980
2300  135.2903478
2310  134.4700551
2320  133.6580025
2330  132.8540750
2340  132.0581594
2350  131.2701446
2360  130.4899214
2370  129.7173825
2380  128.9524228
2390  128.1949387
2400  127.4448284
2410  126.7019921
2420  125.9663317
2430  125.2377505
2440  124.5161538
2450  123.8014484
2460  123.0935426
2470  122.3923465
2480  121.6977713
2490  121.0097302
2500  120.3281375
2510  119.6529091
2520  118.9839622
2530  118.3212155
2540  117.6645889
2550  117.0140038
2560  116.3693827
2570  115.7306495
2580  115.0977293
2590  114.4705485
2600  113.8490345
2610  113.2331161
2620  112.6227230
2630  112.0177863
2640  111.4182380
2650  110.8240112
2660  110.2350402
2670  109.6512602
2680  109.0726075
2690  108.4990193
2700  107.9304339
2710  107.3667906
2720  106.8080294
2730  106.2540914
2740  105.7049187
2750  105.1604542
2760  104.6206415
2770  104.0854254
2780  103.5547513
2790  103.0285654
2800  102.5068149
2810  101.9894478
2820  101.4764126
2830  100.9676589
2840  100.4631368
2850  99.9627973
2860  99.4665921
2870  98.9744736
2880  98.4863949
2890  98.0023097
2900  97.5221725
2910  97.0459384
2920  96.5735633
2930  96.1050035
2940  95.6402161
2950  95.1791588
2960  94.7217898
2970  94.2680680
2980  93.8179528
2990  93.3714044
